[1, 8, 8, 15, 16, 23, 31, 39, 39, 46, 47, 54, 54, 61, 62, 69, 69, 76, 77, 84, 84, 92, 100, 100,
107, 108, 115, 115, 122, 123, 130, 130, 137, 138, 145, 145, 153, 161, 168, 169, 176, 176, 183, 184,
191, 191, 198, 199, 206, 206, 213, 214, 222, 229, 237, 237, 244, 245, 252, 252, 259, 260, 267, 267,
274, 275, 282, 290, 291, 298, 305, 306, 313, 313, 320, 321, 328, 328, 335, 336, 343, 351, 359, 366,
367, 374, 374, 381, 382, 389, 389, 396, 397, 404, 412, 420, 427, 428, 435, 435, 442, 443, 450, 450,
457, 458, 465, 465, 472, 473, 481, 488, 489, 496, 496, 503, 504, 511, 511, 518, 519, 526, 526, 534,
542, 549, 550, 557, 557, 564, 565, 572, 572, 579, 580, 587, 587, 594, 595, 603, 610, 611, 618, 618,
625, 626, 633, 633, 640, 641, 648, 648, 655, 656, 664, 671, 672, 679, 679, 686, 687, 694, 694, 701,
702, 709, 709, 716, 717, 724, 732, 740, 740, 747, 748, 755, 755, 762, 763, 770, 770, 777, 778, 785,
793, 801, 801, 808, 809, 816, 816, 823, 824, 831, 831, 838, 839, 846, 854, 862, 862, 869, 870, 877,
877, 884, 885, 892, 892, 899, 900, 907, 907, 915, 923, 930, 931, 938, 938, 945, 946, 953, 953, 960,
961, 968, 968, 976, 984, 984, 991, 992, 999, 999, 1006, 1007, 1014, 1014, 1021, 1022, 1029, 1029,
1037, 1045, 1052, 1053, 1060, 1060, 1067, 1068, 1075, 1075, 1082, 1083, 1090, 1090, 1098, 1106, 1113,
1114, 1121, 1121, 1128, 1129, 1136, 1136, 1143, 1144, 1151, 1151, 1158, 1159, 1166, 1174, 1182, 1182,
1189, 1190, 1197, 1197, 1204, 1205, 1212, 1212, 1219, 1220, 1227, 1235, 1243, 1243, 1250, 1251, 1258,
1258, 1265, 1266, 1273, 1273, 1280, 1281, 1288, 1288, 1296, 1304, 1304, 1311, 1312, 1319, 1319, 1326,
1327, 1334, 1334, 1341, 1342, 1349, 1349, 1357, 1365, 1372, 1373, 1380, 1380, 1387]



Doubles: (69)
[8, 39, 54, 69, 84, 100, 115, 130, 145, 176, 191, 206, 237, 252, 267, 313, 328, 374, 389, 435, 450, 465,
496, 511, 526, 557, 572, 587, 618, 633, 648, 679, 694, 709, 740, 755, 770, 801, 816, 831, 862, 877, 892,
907, 938, 953, 968, 984, 999, 1014, 1029, 1060, 1075, 1090, 1121, 1136, 1151, 1182, 1197, 1212, 1243, 1258,
1273, 1288, 1304, 1319, 1334, 1349, 1380]

Singles (186):
[1, 15, 16, 23, 31, 46, 47, 61, 62, 76, 77, 92, 107, 108, 122, 123, 137, 138, 153, 161, 168, 169, 183, 184,
198, 199, 213, 214, 222, 229, 244, 245, 259, 260, 274, 275, 282, 290, 291, 298, 305, 306, 320, 321, 335, 336,
 343, 351, 359, 366, 367, 381, 382, 396, 397, 404, 412, 420, 427, 428, 442, 443, 457, 458, 472, 473, 481, 488,
 489, 503, 504, 518, 519, 534, 542, 549, 550, 564, 565, 579, 580, 594, 595, 603, 610, 611, 625, 626, 640, 641,
 655, 656, 664, 671, 672, 686, 687, 701, 702, 716, 717, 724, 732, 747, 748, 762, 763, 777, 778, 785, 793, 808,
 809, 823, 824, 838, 839, 846, 854, 869, 870, 884, 885, 899, 900, 915, 923, 930, 931, 945, 946, 960, 961, 976, 991,
 992, 1006, 1007, 1021, 1022, 1037, 1045, 1052, 1053, 1067, 1068, 1082, 1083, 1098, 1106, 1113, 1114, 1128, 1129,
 1143, 1144, 1158, 1159, 1166, 1174, 1189, 1190, 1204, 1205, 1219, 1220, 1227, 1235, 1250, 1251, 1265, 1266, 1280,
 1281, 1296, 1311, 1312, 1326, 1327, 1341, 1342, 1357, 1365, 1372, 1373, 1387]

 Looks GOOD: [1,

 Clipped: 31

 Edge Cases Caught: 35
 Edge Cases Not Caught:

